# Example 1 (n=2, from previous detailed example)
0.9 1.5 0.1
0.1 5.0 0.5

# Example 2 (n=2, x_i=0, p1d1 > p2d2)
0.6 2.0 0.0
0.4 2.2 0.0

# Example 3 (n=2, x_i=0, p1d1 = p2d2)
0.5 2.0 0.0
0.5 2.0 0.0

# Example 4 (n=2, mixed bonus)
0.7 2.5 0.0
0.3 3.0 0.2

# Example 5 (n=2, high odds, small prob)
0.05 20.0 0.1
0.95 1.05 0.0

# Example 6 (n=3, no bonus)
0.5 2.0 0.0
0.3 3.0 0.0
0.2 4.0 0.0

# Example 7 (n=3, one bonus)
0.4 2.5 0.0
0.4 2.5 0.15
0.2 5.0 0.0

# Example 8 (n=3, all bonus)
0.6 1.8 0.05
0.3 3.5 0.1
0.1 10.0 0.2

# Example 9 (n=3, balanced)
0.333 3.0 0.01
0.333 3.0 0.01
0.334 3.0 0.01

# Example 10 (n=3, uneven probs)
0.8 1.5 0.1
0.15 4.0 0.0
0.05 12.0 0.3

# Example 11 (n=5, no bonus)
0.3 3.0 0.0
0.25 4.0 0.0
0.2 5.0 0.0
0.15 6.0 0.0
0.1 7.0 0.0

# Example 12 (n=5, some bonus)
0.4 2.0 0.05
0.2 3.0 0.0
0.2 4.0 0.1
0.1 6.0 0.0
0.1 8.0 0.2

# Example 13 (n=5, large n small probs)
0.1 10.0 0.0
0.1 10.0 0.0
0.1 10.0 0.0
0.1 10.0 0.0
0.6 1.6 0.1

# Example 14 (n=5, more bonus)
0.2 3.0 0.1
0.2 3.5 0.1
0.2 4.0 0.1
0.2 4.5 0.1
0.2 5.0 0.1

# Example 15 (n=5, one dominant prob)
0.9 1.2 0.02
0.025 10.0 0.0
0.025 15.0 0.1
0.025 20.0 0.0
0.025 25.0 0.2

# Example 16 (n=10, no bonus)
0.1 10.0 0.0
0.1 10.0 0.0
0.1 10.0 0.0
0.1 10.0 0.0
0.1 10.0 0.0
0.1 10.0 0.0
0.1 10.0 0.0
0.1 10.0 0.0
0.1 10.0 0.0
0.1 10.0 0.0

# Example 17 (n=10, sparse bonus)
0.2 3.0 0.1
0.1 5.0 0.0
0.1 6.0 0.0
0.1 7.0 0.0
0.1 8.0 0.2
0.1 9.0 0.0
0.1 10.0 0.0
0.05 15.0 0.0
0.05 20.0 0.3
0.1 4.0 0.0

# Example 18 (n=10, many bonuses)
0.1 5.0 0.1
0.1 5.0 0.1
0.1 5.0 0.1
0.1 5.0 0.1
0.1 5.0 0.1
0.1 5.0 0.1
0.1 5.0 0.1
0.1 5.0 0.1
0.1 5.0 0.1
0.1 5.0 0.1

# Example 19 (n=10, varied params)
0.25 2.0 0.05
0.15 3.0 0.0
0.1 4.0 0.1
0.1 5.0 0.0
0.08 6.0 0.15
0.07 7.0 0.0
0.06 8.0 0.2
0.05 9.0 0.0
0.04 10.0 0.25
0.1 3.5 0.0

# Example 20 (n=4, potentially tricky)
0.4 2.6 0.1
0.3 3.0 0.0
0.2 4.0 0.2
0.1 7.0 0.05
