          p       b         r    bet         f
6  0.584400  0.1875  2.493440   True  0.487003
4  0.227300  0.2500  0.727360   True  0.097438
5  0.162300  0.3125  0.415488  False  0.000000
0  0.003247  0.0250  0.103904  False  0.000000
3  0.016230  0.1250  0.103872  False  0.000000
1  0.003247  0.0375  0.069269  False  0.000000
2  0.003247  0.0625  0.041562  False  0.000000
      p        b         r    bet         f
2  0.10  0.03400  2.500000   True  0.079545
1  0.10  0.05667  1.499912   True  0.065907
0  0.25  0.17000  1.250000   True  0.147726
3  0.40  0.34000  1.000000   True  0.195452
4  0.15  0.39930  0.319309  False  0.000000
