Total Kelly fraction =  0.584441379310345
K-L growth =  0.2962353855674801

          p        p*         r    bet         f         a
6  0.584400  0.234375  2.493440   True  0.487003  0.487003
4  0.227300  0.312500  0.727360   True  0.097438  0.097438
5  0.162300  0.390625  0.415488  False  0.000000 -0.000028
0  0.003247  0.031250  0.103904  False  0.000000 -0.009739
3  0.016230  0.156250  0.103872  False  0.000000 -0.048701
1  0.003247  0.046875  0.069269  False  0.000000 -0.016232
2  0.003247  0.078125  0.041562  False  0.000000 -0.029219


          p        p*         r    bet         f         a       1/2
6  0.584400  0.234375  2.493440   True  0.487003  0.487003  0.292221
4  0.227300  0.312500  0.727360  False  0.097438  0.097438  0.000000
5  0.162300  0.390625  0.415488  False  0.000000 -0.000028  0.000000
0  0.003247  0.031250  0.103904  False  0.000000 -0.009739  0.000000
3  0.016230  0.156250  0.103872  False  0.000000 -0.048701  0.000000
1  0.003247  0.046875  0.069269  False  0.000000 -0.016232  0.000000
2  0.003247  0.078125  0.041562  False  0.000000 -0.029219  0.000000

Total Kelly fraction =  0.4886295271327159
K-L growth =  0.08735644630166224

      p        p*         r    bet         f         a
2  0.10  0.040000  2.500000   True  0.079545  0.079545
1  0.10  0.066671  1.499912   True  0.065907  0.065907
0  0.25  0.200000  1.250000   True  0.147726  0.147726
3  0.40  0.400000  1.000000   True  0.195452  0.195452
4  0.15  0.469765  0.319309  False  0.000000 -0.090224


      p        p*         r    bet         f         a       1/4
2  0.10  0.040000  2.500000   True  0.079545  0.079545  0.051856
1  0.10  0.066671  1.499912   True  0.065907  0.065907  0.028444
0  0.25  0.200000  1.250000   True  0.147726  0.147726  0.041857
3  0.40  0.400000  1.000000  False  0.195452  0.195452  0.000000
4  0.15  0.469765  0.319309  False  0.000000 -0.090224  0.000000


      p        p*         r    bet         f         a       1/4      1/16
2  0.10  0.040000  2.500000   True  0.079545  0.079545  0.051856  0.028198
1  0.10  0.066671  1.499912   True  0.065907  0.065907  0.028444  0.002342
0  0.25  0.200000  1.250000  False  0.147726  0.147726  0.041857  0.000000
3  0.40  0.400000  1.000000  False  0.195452  0.195452  0.000000  0.000000
4  0.15  0.469765  0.319309  False  0.000000 -0.090224  0.000000  0.000000

